10050
10050
10051
10051
10959
10959
11324
11324
14046
14046
14155
14155
14156
14156
1470
1470
1652
1652
1685
1685
1725
1725
17966
17966
19291
19291
1977
1977
20400
20400
21841
21841
21843
21843
21876
21876
22571
22571
22679
22679
27680
27680
30744
30744
33027
33027
33117
33117
3343
3343
34067
34067
34845
34845
35516
35516
35874
35874
38082
38082
3914
3914
4238
4238
4245
4245
4497
4497
4499
4499
4500
4500
5081
5081
5571
5571
5573
5573
5575
5575
5764
5764
804
804
805
805
828
828
856
856
857
857
918
918
932
932
933
933
9587
9587